data/weather/current/current-wind-surface-level-gfs-1.0.json
{"header": { "discipline":0, "disciplineName":"Meteorological products", "gribEdition":2, "gribLength":78539, "center":7, "centerName":"US National Weather Service - NCEP(WMC)", "subcenter":0, "refTime":"2023-12-20T00:00:00.000Z", "significanceOfRT":1, "significanceOfRTName":"Start of forecast", "productStatus":0, "productStatusName":"Operational products", "productType":1, "productTypeName":"Forecast products", "productDefinitionTemplate":0, "productDefinitionTemplateName":"Analysis/forecast at horizontal level/layer at a point in time", "parameterCategory":2, "parameterCategoryName":"Momentum", "parameterNumber":3, "parameterNumberName":"V-component_of_wind", "parameterUnit":"m.s-1", "genProcessType":2, "genProcessTypeName":"Forecast", "forecastTime":0, "surface1Type":103, "surface1TypeName":"Specified height level above ground", "surface1Value":10.0, "surface2Type":255, "surface2TypeName":"Missing", "surface2Value":0.0, "gridDefinitionTemplate":0, "gridDefinitionTemplateName":"Latitude_Longitude", "numberPoints":65160, "shape":6, "shapeName":"Earth spherical with radius of 6,371,229.0 m", "gridUnits":"degrees", "resolution":48, "winds":"true", "scanMode":0, "nx":360, "ny":181, "basicAngle":0, "lo1":0.0, "la1":90.0, "lo2":359.0, "la2":-90.0, "dx":1.0, "dy":1.0 }, "data":
[rows 0 to 27 of 181, columns 248 to 309 of 360]
0.19447999,0.14447998,0.08447998,0.02447998,-0.02552002,-0.08552002,-0.14552002,-0.19552001,-0.25552002,-0.30552003,-0.36552003,-0.42552003,-0.47552,-0.53552,-0.58552,-0.64552003,-0.69552004,-0.75552005,-0.80552,-0.86552,-0.91552,-0.96552,-1.02552,-1.07552,-1.12552,-1.18552,-1.23552,-1.2855201,-1.33552,-1.38552,-1.43552,-1.48552,-1.5355201,-1.58552,-1.63552,-1.68552,-1.73552,-1.77552,-1.82552,-1.87552,-1.9155201,-1.96552,-2.00552,-2.04552,-2.09552,-2.13552,-2.17552,-2.21552,-2.25552,-2.29552,-2.33552,-2.37552,-2.41552,-2.44552,-2.4855201,-2.52552,-2.55552,-2.58552,-2.62552,-2.65552,-2.68552,-2.71552
-0.09552002,-0.16552001,-0.22552001,-0.29552,-0.36552003,-0.42552003,-0.48552,-0.55552,-0.61552,-0.67552,-0.72552,-0.77552,-0.82552004,-0.87552,-0.92552,-0.97552,-1.02552,-1.06552,-1.10552,-1.14552,-1.18552,-1.21552,-1.25552,-1.2955201,-1.33552,-1.36552,-1.39552,-1.4255201,-1.45552,-1.49552,-1.52552,-1.56552,-1.59552,-1.63552,-1.6655201,-1.69552,-1.72552,-1.75552,-1.7855201,-1.82552,-1.86552,-1.90552,-1.93552,-1.97552,-2.00552,-2.04552,-2.07552,-2.10552,-2.15552,-2.19552,-2.2355201,-2.27552,-2.31552,-2.35552,-2.39552,-2.42552,-2.45552,-2.4855201,-2.52552,-2.55552,-2.58552,-2.62552
-0.06552002,-0.16552001,-0.25552002,-0.34552002,-0.42552003,-0.49552003,-0.57552004,-0.63552004,-0.70552003,-0.76552004,-0.82552004,-0.89552003,-0.95552003,-1.02552,-1.08552,-1.15552,-1.22552,-1.2955201,-1.35552,-1.43552,-1.50552,-1.57552,-1.63552,-1.68552,-1.72552,-1.76552,-1.7855201,-1.7855201,-1.7955201,-1.80552,-1.81552,-1.83552,-1.84552,-1.86552,-1.87552,-1.88552,-1.90552,-1.9255201,-1.95552,-1.99552,-2.02552,-2.03552,-2.04552,-2.05552,-2.05552,-2.02552,-1.97552,-1.89552,-1.81552,-1.72552,-1.65552,-1.57552,-1.47552,-1.37552,-1.30552,-1.23552,-1.1755201,-1.13552,-1.09552,-1.07552,-1.06552,-1.0455201
-0.38552,-0.45552003,-0.52552,-0.59552,-0.66552,-0.73552,-0.81552005,-0.91552,-1.01552,-1.10552,-1.18552,-1.27552,-1.32552,-1.38552,-1.4255201,-1.47552,-1.5355201,-1.58552,-1.62552,-1.68552,-1.73552,-1.77552,-1.81552,-1.84552,-1.87552,-1.89552,-1.9255201,-1.99552,-2.05552,-2.07552,-2.07552,-2.06552,-2.06552,-2.06552,-1.98552,-1.82552,-1.65552,-1.52552,-1.39552,-1.27552,-1.31552,-1.37552,-1.36552,-1.24552,-1.11552,-0.86552,-0.49552003,-0.11552002,0.22447997,0.55447996,0.84448,1.06448,1.2044799,1.3344799,1.43448,1.44448,1.4544799,1.44448,1.39448,1.3244799,1.25448,1.19448
-0.65552,-0.77552,-0.88552004,-0.99552,-1.08552,-1.1755201,-1.26552,-1.34552,-1.40552,-1.44552,-1.46552,-1.49552,-1.50552,-1.52552,-1.51552,-1.51552,-1.50552,-1.50552,-1.50552,-1.52552,-1.56552,-1.62552,-1.68552,-1.73552,-1.7855201,-1.68552,-1.56552,-1.43552,-1.30552,-1.39552,-1.45552,-1.49552,-1.46552,-1.06552,-0.63552004,-0.075520016,0.42448,0.82448,1.22448,1.4644799,1.62448,1.69448,1.7144799,1.67448,1.62448,1.59448,1.59448,1.64448,1.80448,1.94448,2.08448,2.19448,2.2744799,2.30448,2.32448,2.32448,2.31448,2.28448,2.24448,2.20448,2.18448,2.16448
-1.20552,-1.2955201,-1.34552,-1.40552,-1.44552,-1.51552,-1.55552,-1.60552,-1.6655201,-1.71552,-1.75552,-1.7855201,-1.7955201,-1.81552,-1.82552,-1.82552,-1.83552,-1.81552,-1.82552,-1.83552,-1.84552,-1.74552,-1.68552,-1.73552,-1.86552,-1.86552,-1.50552,-0.84552,-0.14552002,0.40447998,0.78448,1.04448,1.19448,1.27448,1.31448,1.3344799,1.36448,1.38448,1.39448,1.38448,1.3244799,1.25448,1.16448,1.06448,0.96448,0.83448,0.68447995,0.63448,0.79447997,1.2144799,1.59448,1.73448,1.75448,1.79448,1.81448,1.79448,1.7044799,1.55448,1.37448,1.22448,1.0744799,0.93447995
-1.57552,-1.64552,-1.62552,-1.57552,-1.56552,-1.63552,-1.73552,-1.82552,-1.90552,-1.95552,-1.96552,-1.89552,-1.84552,-1.85552,-1.90552,-1.95552,-2.01552,-2.00552,-1.9255201,-1.7955201,-1.74552,-1.71552,-1.34552,-0.59552,0.44447997,1.36448,1.81448,2.0244799,2.11448,2.15448,2.15448,2.12448,2.07448,2.00448,1.91448,1.8344799,1.73448,1.62448,1.47448,1.34448,1.23448,1.15448,1.05448,0.92447996,0.86447996,0.78448,0.68447995,0.77448,0.89448,1.01448,1.0844799,1.11448,1.06448,0.98447996,0.96448,1.00448,1.0744799,1.15448,1.28448,1.4644799,1.61448,1.84448
-1.37552,-1.47552,-1.69552,-1.88552,-1.94552,-2.03552,-2.10552,-2.07552,-2.04552,-2.04552,-2.08552,-2.09552,-2.05552,-1.95552,-1.87552,-1.7855201,-1.69552,-1.56552,-1.30552,-0.95552003,-0.72552,0.26448,2.03448,3.05448,3.55448,4.04448,4.24448,4.22448,4.26448,4.38448,4.44448,4.42448,3.64448,3.17448,3.0244799,3.25448,3.66448,4.00448,4.90448,5.17448,4.84448,3.98448,3.53448,3.2644799,2.32448,2.74448,2.12448,1.37448,0.89448,0.94448,1.41448,1.73448,2.05448,2.37448,2.40448,2.46448,2.70448,2.86448,3.12448,3.36448,3.56448,4.37448
-1.40552,-1.46552,-1.64552,-1.85552,-1.99552,-2.12552,-2.18552,-2.17552,-2.12552,-2.02552,-1.97552,-1.94552,-1.88552,-1.80552,-1.62552,-1.33552,-0.85552,2.12448,5.05448,5.15448,4.15448,3.75448,5.56448,5.44448,3.00448,2.66448,2.20448,0.61447996,0.48448,0.58448,0.65448,1.3244799,1.35448,0.36448,-0.84552,-1.20552,-0.48552,0.16447999,-1.13552,-3.58552,-3.7355201,-2.9755201,-1.98552,-0.90552,-0.47552,-0.80552,-0.80552,-0.53552,-0.76552004,-0.72552,1.80448,4.11448,4.01448,3.74448,3.10448,2.20448,1.48448,0.18447998,0.61447996,0.58448,2.58448,2.15448
-1.58552,-1.71552,-1.70552,-1.7955201,-1.81552,-1.93552,-2.2355201,-2.18552,-2.17552,-2.21552,-2.16552,-1.9155201,-1.57552,-1.35552,-1.11552,0.54447997,2.79448,3.48448,2.71448,1.67448,1.94448,3.84448,2.46448,0.42448,-0.0055200197,-0.13552003,0.59448,0.44447997,-1.27552,-2.67552,-2.62552,-2.2355201,-2.09552,-2.91552,-2.81552,-2.06552,-1.19552,0.57448,3.37448,3.48448,2.85448,2.47448,1.74448,-0.29552,-1.81552,-0.54552,0.80447996,0.97448,1.00448,0.27448,2.31448,2.12448,-0.33552003,-0.65552,0.68447995,2.08448,3.85448,4.20448,4.37448,4.92448,4.47448,4.07448
-1.69552,-1.77552,-1.74552,-1.75552,-1.69552,-1.94552,-2.39552,-2.35552,-2.36552,-2.20552,-1.9155201,-1.82552,-1.15552,-0.29552,-1.50552,-0.88552004,0.98447996,0.38447997,-1.15552,-1.89552,-2.15552,-0.70552003,-0.02552002,0.14447998,0.30448,0.68447995,-0.86552,-0.91552,0.36448,0.81448,-0.78552,0.014479981,-0.38552,-1.88552,-2.79552,-3.00552,-3.42552,-3.95552,-3.51552,-2.37552,-1.02552,-0.86552,-0.67552,-0.16552001,-0.02552002,-0.74552,-1.64552,-2.88552,-2.50552,-1.37552,0.74447995,2.38448,3.91448,4.09448,3.85448,3.71448,3.81448,3.80448,3.42448,4.47448,5.34448,5.45448
-1.0355201,-1.0455201,-1.34552,-1.65552,-1.60552,-2.11552,-2.54552,-2.51552,-1.35552,-0.28552002,-0.59552,-1.6755201,-2.40552,-1.89552,-0.99552,0.90448,1.19448,1.81448,0.78448,0.20447998,0.62448,0.97448,0.46447998,-3.20552,-1.9155201,-1.96552,-0.56552005,-0.21552002,-0.55552,0.16447999,-0.93552,-0.04552002,0.93447995,1.26448,1.67448,1.0844799,-0.73552,-2.05552,-3.84552,-2.42552,-1.23552,-1.39552,-1.61552,-0.44552,0.17447998,0.93447995,1.35448,1.79448,2.16448,3.0144799,3.64448,4.49448,4.99448,5.30448,5.41448,5.41448,5.38448,5.27448,5.13448,4.87448,4.59448,4.32448
-0.28552002,-1.02552,-1.76552,-1.65552,-1.77552,-1.89552,-2.20552,-2.35552,-2.46552,-2.41552,-2.36552,-2.32552,-1.32552,-2.01552,-2.9755201,-2.2355201,-1.47552,0.014479981,0.76448,0.57448,-0.48552,-1.09552,-1.0455201,-1.0455201,-1.14552,-1.00552,-0.47552,0.25447997,-0.78552,-0.02552002,-0.11552002,-0.075520016,-1.55552,-0.99552,-2.13552,-2.06552,-1.95552,-2.56552,-4.13552,-5.99552,-1.72552,-3.04552,-3.86552,-2.9755201,-1.6755201,-2.06552,-1.38552,0.65448,2.62448,3.7644799,4.83448,5.46448,5.73448,5.79448,5.66448,5.45448,5.25448,5.02448,4.79448,4.60448,4.42448,4.33448
-0.77552,-0.77552,-0.61552,-0.49552003,-1.0355201,-1.23552,-1.45552,-1.87552,-2.01552,-2.19552,-2.35552,-2.59552,-3.02552,-3.24552,-3.27552,-3.06552,-1.18552,-1.48552,-0.82552004,-1.83552,-1.45552,-0.87552,-0.88552004,-1.05552,0.33448,-0.51552004,0.35447997,0.45448,-1.64552,-3.07552,-1.30552,-0.30552003,-1.37552,0.10447998,-2.00552,-2.7355201,-2.05552,-2.06552,-3.30552,-3.54552,-6.25552,-1.58552,-3.38552,-1.70552,0.19447999,1.19448,3.29448,3.38448,4.67448,1.9644799,0.63448,-0.25552002,-0.58552,-0.12552002,0.34447998,0.69448,1.05448,1.40448,1.8244799,2.16448,2.40448,2.65448
0.38447997,0.06447998,-0.64552003,0.52448,1.03448,1.31448,-0.23552002,-3.52552,-3.53552,-0.53552,-0.36552003,-0.29552,-0.64552003,-1.63552,-3.91552,-4.21552,-4.28552,-3.00552,-0.60552,-0.08552002,-2.02552,0.03447998,1.13448,-0.65552,-1.94552,-0.26552,1.26448,0.95448,0.45448,-0.16552001,-1.6655201,-3.00552,-1.1755201,-1.44552,-2.41552,-2.10552,-1.86552,-2.03552,-2.12552,-2.35552,-3.06552,-3.53552,-3.96552,-2.35552,-2.9755201,-3.21552,-2.77552,-3.29552,-2.49552,-2.01552,-1.77552,-2.63552,-3.61552,-0.65552,-1.38552,-0.68552,0.27448,0.35447997,0.33448,0.64448,0.92447996,1.14448
0.53448,-0.77552,-1.90552,-1.75552,-2.26552,-1.58552,-0.74552,-1.00552,-1.12552,-2.36552,-3.53552,-3.04552,-2.42552,-1.44552,-0.76552004,-2.01552,-3.24552,-3.05552,-2.86552,-3.74552,-1.18552,-0.54552,-1.08552,-2.08552,-3.20552,-2.00552,-1.97552,-4.36552,-1.50552,-1.58552,-2.33552,-1.06552,0.84448,-0.03552002,-4.09552,-5.01552,-2.7355201,-2.4855201,-2.33552,-2.42552,-2.44552,-2.30552,-2.17552,-2.15552,-1.95552,-1.93552,-1.75552,-1.74552,-1.83552,-2.18552,-1.86552,-1.73552,-2.49552,-1.7955201,-2.67552,-0.73552,-0.63552004,0.26448,0.50448,1.0744799,1.51448,1.64448
0.89448,1.0744799,0.97448,0.85447997,0.65448,0.86447996,1.01448,-0.015520019,-1.15552,-1.85552,-1.98552,-1.56552,-0.96552,-0.97552,-0.51552004,-1.7955201,-1.34552,1.3344799,-0.24552003,-0.52552,-1.5455201,-1.4255201,-3.86552,0.31447998,2.44448,2.95448,2.48448,2.00448,2.33448,1.0844799,0.71448,0.81448,0.65448,-0.64552003,-1.4255201,-2.15552,-2.88552,-2.46552,-1.88552,-1.94552,-1.9155201,-1.73552,-1.48552,-1.10552,-1.06552,-1.52552,-1.6755201,-1.73552,-2.10552,-2.67552,-3.06552,-3.89552,-4.77552,-6.14552,-1.80552,-2.61552,-0.38552,0.58448,1.23448,1.53448,1.86448,2.2644799
0.97448,2.33448,2.12448,0.74447995,1.05448,0.19447999,-1.52552,-2.44552,-0.75552005,-0.16552001,-1.38552,-2.67552,-2.52552,-0.62552,-0.10552002,-0.60552,0.89448,-1.07552,-1.2855201,-2.55552,-5.43552,1.85448,2.99448,0.72448,-1.02552,-2.25552,2.34448,1.74448,0.87448,-0.69552004,-1.10552,-1.38552,0.07447998,-0.43552002,-0.31552002,0.33448,-2.2355201,-2.60552,-1.50552,-1.43552,-2.2255201,-3.08552,-2.7355201,-1.57552,-1.83552,-1.69552,-2.13552,-2.76552,-3.30552,-3.99552,-4.44552,-5.20552,-6.13552,-7.00552,-3.76552,-4.25552,-1.9255201,-4.17552,-0.34552002,2.33448,2.30448,2.2744799
3.05448,2.12448,0.14447998,0.06447998,1.92448,0.81448,-0.0055200197,-0.90552,-0.34552002,-1.1755201,-1.6655201,-1.59552,-1.73552,-1.80552,-1.68552,-2.39552,0.53448,0.31447998,-0.64552003,-0.28552002,-2.2255201,-2.78552,0.11447998,-0.23552002,-2.19552,-2.93552,-1.0455201,0.37447998,-0.49552003,-1.69552,0.0044799806,0.65448,0.06447998,-0.19552001,-0.56552005,-1.0355201,-1.49552,1.26448,0.84448,0.59448,-0.70552003,-1.47552,-1.57552,-2.01552,-2.65552,-3.18552,-3.57552,-3.79552,-4.22552,-4.76552,-5.26552,-5.8555202,-6.70552,-7.41552,-8.54552,-9.83552,-3.35552,-0.73552,-2.49552,-4.90552,-2.4855201,-4.03552
1.15448,0.57448,0.59448,1.38448,1.97448,1.73448,0.91448,0.30448,-0.24552003,-0.59552,-0.77552,-1.1655201,-1.63552,-2.19552,-1.86552,-1.77552,0.75448,1.3244799,-0.65552,0.66448,-0.56552005,-1.88552,-1.72552,-0.19552001,-0.21552002,0.83448,0.55447996,0.51448,0.47447997,-0.21552002,-0.71552,-0.30552003,-0.15552002,-0.18552002,-0.0055200197,-0.73552,-1.08552,-1.47552,-0.94552004,-0.53552,-0.015520019,0.09447998,-1.37552,-2.58552,-2.57552,-2.60552,-2.88552,-3.56552,-4.22552,-5.04552,-5.66552,-6.24552,-6.48552,-7.34552,-5.90552,-6.61552,-3.07552,-1.97552,0.28447998,0.16447999,-3.12552,-2.58552
3.60448,3.0144799,2.75448,1.19448,1.14448,1.30448,0.50448,-0.17552002,-0.36552003,-0.43552002,-0.45552003,-0.83552,-1.25552,-1.56552,-1.85552,-2.16552,-2.60552,-3.95552,-1.47552,-0.83552,-0.39552003,1.86448,0.50448,-1.01552,-1.74552,-1.99552,-1.43552,1.44448,-0.72552,0.14447998,0.11447998,0.13447998,-1.2955201,-1.83552,-1.90552,-1.58552,-2.51552,-2.49552,-2.60552,-1.52552,0.15447998,-2.04552,-0.05552002,0.02447998,-0.39552003,-5.09552,-5.07552,-5.02552,-5.05552,-5.51552,-5.78552,-5.84552,-5.82552,-5.46552,-7.50552,-9.06552,-11.49552,-7.47552,-2.84552,-2.2255201,-4.71552,-1.93552
3.11448,2.58448,2.98448,1.37448,1.2044799,2.07448,1.5844799,-0.0055200197,-0.30552003,-0.42552003,-0.44552,0.07447998,-0.38552,-0.71552,-0.94552004,-2.13552,-2.19552,-2.37552,-2.33552,-1.19552,-0.33552003,-1.4155201,-0.015520019,-0.36552003,-1.52552,-1.38552,3.66448,1.8344799,0.59448,-0.06552002,-0.66552,-0.87552,-1.93552,-2.55552,-2.41552,-2.2255201,-2.65552,-1.35552,-0.94552004,-0.75552005,-1.6755201,-0.82552004,-0.68552,-1.84552,-0.17552002,-1.01552,-4.52552,-4.07552,-4.16552,-4.55552,-5.21552,-5.71552,-5.86552,-8.52552,-10.58552,-10.25552,-9.30552,-7.36552,-3.9755201,-0.43552002,-0.83552,1.4644799
2.69448,1.93448,3.09448,3.62448,4.28448,2.5244799,2.56448,1.7144799,1.54448,0.68447995,0.39448,0.19447999,-0.19552001,-0.56552005,-0.81552005,-0.86552,-1.49552,-0.12552002,0.43447998,-0.04552002,-1.97552,-1.36552,-1.27552,-0.78552,-2.58552,-2.27552,1.73448,-0.22552001,-0.05552002,-0.81552005,-0.38552,-2.2255201,-2.25552,-2.14552,-1.98552,-1.57552,-1.38552,-1.35552,-1.5355201,-1.50552,0.40447998,1.35448,1.29448,2.39448,1.28448,0.51448,-0.68552,-1.39552,-4.92552,-5.59552,-5.8555202,-5.73552,-5.71552,-5.74552,-7.44552,-6.91552,-7.48552,-6.67552,-1.2955201,0.63448,0.11447998,0.44447997
4.92448,3.94448,3.89448,3.62448,1.06448,2.57448,3.20448,2.25448,2.10448,1.43448,0.95448,0.38447997,-0.09552002,-0.62552,-0.67552,-0.80552,0.25447997,2.36448,-1.1755201,-1.21552,-2.61552,-2.89552,-3.92552,-4.94552,-3.33552,-3.27552,-2.9855201,-1.24552,-1.82552,-1.93552,-1.86552,-0.16552001,-1.22552,-2.16552,-1.74552,-1.5455201,-1.37552,-1.75552,-1.90552,-1.6655201,0.0044799806,-0.81552005,-0.36552003,-0.47552,-0.58552,-0.64552003,-1.38552,-0.19552001,-0.32552,1.65448,-1.84552,-7.75552,-7.01552,-5.94552,-5.00552,-6.65552,-7.74552,-10.75552,-6.63552,-2.89552,-1.90552,-0.39552003
2.16448,2.99448,3.42448,2.42448,1.38448,2.31448,2.7644799,2.43448,1.36448,0.91448,0.39448,-0.23552002,-0.63552004,-1.1655201,-1.18552,-0.20552002,-1.05552,-1.59552,-3.83552,-4.75552,-1.38552,-0.73552,-1.75552,-3.01552,-5.97552,-5.33552,-3.58552,-1.33552,-1.30552,-0.63552004,-0.64552003,-1.1655201,-2.38552,-2.42552,-2.43552,-2.11552,-1.45552,-1.37552,0.23447998,0.20447998,-0.25552002,1.72448,1.93448,0.97448,-1.05552,-2.2255201,-2.18552,-1.01552,-3.31552,-2.9855201,-1.57552,-0.11552002,-1.31552,-7.49552,-9.15552,-8.46552,-8.44552,-9.21552,-11.78552,-1.26552,-1.09552,-1.09552
2.81448,2.20448,3.14448,2.32448,1.44448,1.86448,1.73448,1.27448,1.36448,0.97448,-0.04552002,-0.64552003,-1.4255201,-2.07552,-0.50552005,-2.30552,-3.14552,-3.43552,-4.13552,-4.12552,-3.33552,-5.14552,-4.04552,-2.38552,-4.90552,-3.77552,-2.10552,-0.18552002,0.46447998,1.25448,-2.66552,-4.66552,-6.28552,-4.93552,1.17448,0.68447995,-1.9155201,-2.02552,-2.50552,-0.45552003,-1.0355201,-0.70552003,0.43447998,1.35448,1.78448,1.51448,-2.52552,-7.37552,-3.86552,-0.52552,0.52448,1.3344799,0.04447998,-2.25552,-10.60552,-11.3655205,-10.32552,-10.06552,-10.64552,-11.32552,-3.41552,1.30448
3.20448,3.32448,2.35448,2.04448,2.50448,2.35448,1.4544799,0.66448,1.25448,0.93447995,1.37448,-1.08552,-0.66552,-0.78552,-1.46552,-0.95552003,-1.33552,-1.35552,-2.45552,-3.20552,-4.73552,-4.39552,-3.18552,-1.08552,-1.12552,-2.51552,-3.12552,-4.22552,-3.12552,-1.25552,-0.49552003,-3.41552,-5.15552,-2.18552,-6.21552,-3.09552,-5.54552,-5.07552,-5.02552,-2.10552,-1.46552,0.93447995,1.75448,-2.65552,-3.16552,-1.36552,-0.69552004,0.96448,-3.60552,-4.52552,-3.74552,-2.41552,-1.5355201,-6.05552,-12.1155205,-11.58552,-10.87552,-10.54552,-11.07552,-11.52552,-9.85552,-1.35552
2.35448,1.34448,-0.42552003,2.07448,3.12448,2.64448,1.48448,0.61447996,0.97448,-0.38552,-0.92552,-1.23552,-2.13552,-2.52552,-2.06552,-2.4755201,-2.44552,-3.74552,-4.07552,-4.81552,-5.91552,-5.05552,-2.7355201,-2.2355201,-3.07552,-4.47552,-5.16552,-3.61552,-2.91552,-2.57552,-2.77552,-4.26552,-4.36552,-3.9755201,-2.76552,-2.21552,-0.66552,-1.98552,-2.04552,-3.63552,-3.19552,-2.09552,-2.42552,-2.13552,0.26448,-4.83552,-4.17552,-0.55552,0.80447996,-3.66552,-4.66552,-4.94552,-8.79552,-10.25552,-9.04552,-9.57552,-10.6155205,-11.28552,-11.82552,-12.3655205,-12.71552,-10.00552
