data/weather/current/current-wind-surface-level-gfs-1.0.json
{"header": { "discipline":0, "disciplineName":"Meteorological products", "gribEdition":2, "gribLength":78039, "center":7, "centerName":"US National Weather Service - NCEP(WMC)", "subcenter":0, "refTime":"2023-12-20T00:00:00.000Z", "significanceOfRT":1, "significanceOfRTName":"Start of forecast", "productStatus":0, "productStatusName":"Operational products", "productType":1, "productTypeName":"Forecast products", "productDefinitionTemplate":0, "productDefinitionTemplateName":"Analysis/forecast at horizontal level/layer at a point in time", "parameterCategory":2, "parameterCategoryName":"Momentum", "parameterNumber":2, "parameterNumberName":"U-component_of_wind", "parameterUnit":"m.s-1", "genProcessType":2, "genProcessTypeName":"Forecast", "forecastTime":0, "surface1Type":103, "surface1TypeName":"Specified height level above ground", "surface1Value":10.0, "surface2Type":255, "surface2TypeName":"Missing", "surface2Value":0.0, "gridDefinitionTemplate":0, "gridDefinitionTemplateName":"Latitude_Longitude", "numberPoints":65160, "shape":6, "shapeName":"Earth spherical with radius of 6,371,229.0 m", "gridUnits":"degrees", "resolution":48, "winds":"true", "scanMode":0, "nx":360, "ny":181, "basicAngle":0, "lo1":0.0, "la1":90.0, "lo2":359.0, "la2":-90.0, "dx":1.0, "dy":1.0 }, "data":
[rows 0 to 25 of 181, columns 174 to 231 of 360]
0.69481814,0.75481814,0.8048181,0.8648181,0.9148181,0.9648181,1.0248181,1.0748181,1.1248181,1.1848181,1.2348181,1.2848182,1.3348181,1.3848181,1.4348181,1.4848181,1.5348182,1.5848181,1.6348181,1.6848181,1.7348181,1.7748181,1.8248181,1.8748181,1.9148182,1.9648181,2.0048182,2.0548182,2.094818,2.134818,2.174818,2.214818,2.2548182,2.2948182,2.3348181,2.374818,2.414818,2.454818,2.4848182,2.5248182,2.5548182,2.594818,2.624818,2.654818,2.684818,2.714818,2.7448182,2.7748182,2.8048182,2.8348181,2.854818,2.884818,2.904818,2.934818,2.954818,2.9748182,2.9948182,3.0148182
1.0348182,1.0948181,1.154818,1.2048181,1.2648181,1.3248181,1.3848181,1.4448181,1.4848181,1.5448182,1.5948181,1.654818,1.7048181,1.7548181,1.8048182,1.8548181,1.904818,1.9648181,2.0148182,2.0648181,2.114818,2.164818,2.214818,2.2748182,2.3248181,2.374818,2.424818,2.4748182,2.5148182,2.5648181,2.604818,2.644818,2.694818,2.7248182,2.7648182,2.8048182,2.8348181,2.864818,2.904818,2.934818,2.964818,2.9948182,3.0248182,3.0648181,3.094818,3.124818,3.154818,3.184818,3.214818,3.2348182,3.2648182,3.2848182,3.3048182,3.3248181,3.344818,3.364818,3.384818,3.394818
1.1848181,1.2448181,1.3148181,1.3848181,1.4448181,1.5148181,1.5748181,1.6248181,1.6848181,1.7348181,1.8048182,1.8748181,1.9448181,1.9948181,2.0548182,2.104818,2.154818,2.2248182,2.2948182,2.354818,2.424818,2.5048182,2.5848181,2.654818,2.7348182,2.8248181,2.904818,2.9848182,3.0648181,3.144818,3.214818,3.2748182,3.3348181,3.374818,3.404818,3.434818,3.454818,3.4848182,3.5048182,3.5248182,3.5448182,3.5748181,3.594818,3.634818,3.654818,3.674818,3.684818,3.694818,3.714818,3.7248182,3.7348182,3.7448182,3.7648182,3.7748182,3.7848182,3.7848182,3.7848182,3.7748182
1.0548182,1.1748182,1.2948182,1.3748181,1.4548181,1.5248181,1.5948181,1.6648182,1.7148181,1.7548181,1.7948182,1.8648181,1.9348181,2.0348182,2.144818,2.2448182,2.3348181,2.434818,2.5248182,2.594818,2.674818,2.7548182,2.8248181,2.904818,2.9948182,3.0848181,3.144818,3.174818,3.204818,3.2248182,3.2648182,3.3148181,3.384818,3.434818,3.4748182,3.5048182,3.5448182,3.594818,3.634818,3.664818,3.684818,3.684818,3.674818,3.674818,3.674818,3.694818,3.7248182,3.7748182,3.8048182,3.8348181,3.874818,3.894818,3.914818,3.944818,3.944818,3.944818,3.934818,3.924818
-0.09518188,-0.025181884,0.08481812,0.21481812,0.37481812,0.6148181,0.9048181,1.1648182,1.4148182,1.6648182,1.8948181,2.0748181,2.2248182,2.3148181,2.354818,2.364818,2.354818,2.3248181,2.3248181,2.344818,2.394818,2.5648181,2.7348182,2.904818,3.0748181,3.2348182,3.364818,3.404818,3.384818,3.394818,3.5048182,3.624818,3.644818,3.654818,3.654818,3.654818,3.664818,3.714818,3.7448182,3.7648182,3.8148181,3.864818,3.914818,3.954818,3.9948182,4.024818,4.054818,4.064818,4.074818,4.054818,4.044818,4.054818,4.064818,4.064818,4.054818,4.054818,4.044818,4.014818
-0.15518188,-0.13518189,-0.055181883,0.0048181154,0.024818115,0.13481812,0.2548181,0.37481812,0.5848181,0.81481814,1.0548182,1.3148181,1.5548182,1.7148181,1.8248181,1.904818,2.0048182,2.124818,2.184818,2.2348182,2.3148181,2.374818,2.434818,2.464818,2.5748181,2.704818,2.844818,2.9748182,3.094818,3.3048182,3.5048182,3.654818,3.7448182,3.7248182,3.624818,3.5248182,3.464818,3.4748182,3.5648181,3.5848181,3.5048182,3.404818,3.414818,3.454818,3.4948182,3.5448182,3.5448182,3.4948182,3.464818,3.4748182,3.4948182,3.5648181,3.694818,3.7748182,3.844818,3.8348181,3.864818,3.854818
0.014818115,0.064818114,0.17481811,0.3248181,0.46481812,0.5548181,0.63481814,0.7048181,0.76481813,0.8748181,0.94481814,0.9748181,1.0348182,1.1148181,1.0948181,1.2748181,1.5348182,1.7848182,1.9348181,2.0348182,2.154818,2.2748182,2.3148181,2.424818,2.434818,2.404818,2.5448182,2.7948182,2.854818,2.894818,3.0248182,3.174818,3.344818,3.424818,3.404818,3.364818,3.354818,3.2748182,3.214818,3.214818,3.2448182,3.2948182,3.344818,3.394818,3.384818,3.364818,3.464818,3.664818,3.8048182,3.8248181,3.7548182,3.624818,3.5648181,3.614818,3.7648182,3.864818,3.9948182,4.114818
0.7148181,0.5848181,0.51481813,0.6848181,0.7748181,0.9248181,0.9748181,1.0448182,1.1148181,1.1248181,1.2148181,1.3548181,1.5148181,1.7048181,1.8148181,1.6848181,1.654818,1.5448182,1.5548182,1.6348181,1.7948182,2.0048182,2.174818,2.2648182,2.354818,2.4948182,2.594818,2.624818,2.684818,2.7348182,2.7648182,2.7248182,2.634818,2.5848181,2.8248181,3.0648181,3.104818,2.9848182,3.144818,3.3248181,3.3148181,3.2848182,3.424818,3.684818,3.5148182,3.344818,3.2748182,3.3248181,3.394818,3.424818,3.4748182,3.5148182,3.5648181,3.654818,3.7248182,3.7948182,3.8148181,3.894818
0.6248181,0.57481813,0.5348181,0.40481812,0.3148181,0.3248181,0.40481812,0.4748181,0.5848181,0.7348181,0.88481814,0.9848181,1.0248181,1.0248181,0.9548181,1.0148181,1.2548181,1.3248181,1.4548181,1.6848181,1.4748181,1.5448182,1.7148181,1.7448181,1.7848182,1.9248182,2.0148182,2.144818,2.2248182,2.384818,2.5748181,2.4948182,2.3348181,2.2848182,2.2748182,2.2748182,2.3148181,2.394818,2.5248182,2.634818,2.624818,2.4948182,2.5648181,2.934818,3.144818,2.954818,2.624818,2.5448182,2.7948182,3.0048182,2.9848182,2.964818,3.0148182,3.104818,3.154818,3.124818,3.154818,3.3048182
0.5548181,0.2648181,0.15481812,0.11481812,0.24481812,0.3848181,0.4748181,0.5948181,0.6548181,0.69481814,0.6248181,0.6148181,0.7048181,1.0348182,0.9548181,1.0248181,1.2648181,1.3648181,1.3848181,1.3548181,1.404818,1.4148182,1.4748181,1.3948181,1.3248181,1.3448181,1.3748181,1.3948181,1.4348181,1.4348181,1.4948181,1.5548182,1.5148181,1.4248182,1.3948181,1.5148181,1.5848181,1.4748181,1.4648181,1.6148181,1.6348181,1.6248181,1.6948181,1.7548181,1.8348181,1.9548181,2.0148182,1.9948181,2.0848181,2.174818,2.184818,2.204818,2.3348181,2.5148182,2.654818,2.7248182,2.374818,2.364818
0.094818115,0.40481812,0.81481814,0.7048181,0.37481812,0.21481812,0.18481812,0.18481812,0.34481812,0.6848181,0.6448181,0.56481814,0.20481811,0.044818114,0.16481811,0.16481811,-0.06518188,-0.38518187,-0.5051819,-0.6351819,-0.73518187,-0.9151819,-1.1151819,-1.1351819,-1.0551819,-1.0151819,-1.0551819,-1.0151819,-0.9151819,-0.93518186,-0.9751819,-0.9151819,-0.8351819,-0.9451819,-0.98518187,-0.9651819,-0.9751819,-0.99518186,-0.9151819,-0.6951819,-0.5451819,-0.4851819,-0.34518188,-0.17518188,-0.12518188,-0.06518188,0.15481812,0.27481812,0.4848181,0.69481814,0.6448181,0.6748181,0.81481814,0.9248181,1.1048181,1.3548181,1.5448182,1.6848181
0.9748181,0.9848181,0.6748181,0.27481812,0.3148181,0.2948181,0.054818116,-0.19518189,-0.6351819,-1.095182,-1.4751819,-1.6451819,-1.8851819,-2.0051818,-2.055182,-2.085182,-1.9951819,-1.9851819,-2.0251818,-1.9451818,-2.095182,-2.1851819,-2.305182,-2.365182,-2.4151819,-2.4351819,-2.4751818,-2.565182,-2.625182,-2.605182,-2.625182,-2.625182,-2.615182,-2.605182,-2.5251818,-2.375182,-2.405182,-2.4751818,-2.4151819,-2.375182,-2.2751818,-2.2751818,-2.155182,-2.035182,-1.8751819,-1.5051819,-1.2051818,-1.0651819,-0.8951819,-0.7051819,-0.5851819,-0.32518187,0.10481811,0.39481813,0.50481814,0.7448181,0.9748181,1.1648182
0.9848181,0.57481813,0.19481811,-0.015181885,-0.3351819,-0.99518186,-1.6351819,-2.085182,-2.385182,-2.4351819,-2.4951818,-2.395182,-2.335182,-2.635182,-2.9451818,-3.2351818,-3.2151818,-3.085182,-3.045182,-2.9551818,-2.9251819,-2.645182,-2.815182,-2.885182,-3.035182,-3.0051818,-2.9351819,-3.055182,-3.085182,-3.085182,-2.9651818,-2.9951818,-2.9651818,-2.9951818,-3.095182,-3.125182,-3.115182,-3.075182,-2.9751818,-2.9751818,-2.9551818,-2.895182,-2.865182,-2.7351818,-2.6851819,-2.405182,-2.125182,-1.9251819,-1.6351819,-1.345182,-1.0851818,-0.8451819,-0.5151819,-0.29518187,-0.055181883,0.24481812,0.5348181,0.8348181
0.50481814,0.20481811,-0.19518189,-0.8451819,-1.4351819,-1.6251819,-2.0151818,-2.395182,-2.7451818,-2.9151819,-3.1951818,-3.135182,-3.145182,-2.9351819,-3.325182,-3.395182,-3.105182,-3.125182,-3.285182,-3.2151818,-3.2251818,-3.4151819,-3.7651818,-3.815182,-3.815182,-3.825182,-3.7451818,-3.645182,-3.625182,-3.7651818,-4.1451817,-4.385182,-4.5451818,-4.435182,-4.195182,-4.115182,-4.205182,-4.245182,-4.185182,-4.0851817,-3.7451818,-3.4751818,-3.4451818,-3.4751818,-3.4651818,-3.2651818,-2.9851818,-2.7251818,-2.575182,-2.4951818,-2.375182,-2.1851819,-1.9151819,-1.595182,-1.3151819,-1.1951818,-0.9651819,-0.6651819
0.30481812,-0.17518188,-0.6651819,-0.9551819,-1.5751818,-2.155182,-1.9251819,-2.4751818,-2.855182,-2.835182,-2.635182,-2.855182,-2.7651818,-3.035182,-3.125182,-3.405182,-3.9451818,-4.095182,-4.275182,-4.555182,-4.6451817,-4.555182,-4.445182,-4.765182,-4.735182,-4.775182,-4.705182,-4.425182,-4.2951818,-4.1451817,-4.055182,-3.9751818,-3.9651818,-4.015182,-4.185182,-4.215182,-4.015182,-4.095182,-4.225182,-4.3351817,-4.535182,-4.365182,-4.265182,-4.3151817,-4.435182,-4.515182,-4.215182,-3.9151819,-3.815182,-3.615182,-3.4151819,-3.2151818,-2.9751818,-3.035182,-2.9751818,-2.805182,-2.6751819,-2.655182
0.064818114,-0.3351819,-0.7251819,-0.99518186,-1.4551818,-2.2351818,-2.1951818,-2.2251818,-2.395182,-2.395182,-2.7751818,-3.115182,-2.9951818,-2.805182,-3.115182,-3.4851818,-3.895182,-4.175182,-4.155182,-4.2951818,-4.075182,-3.9851818,-4.465182,-4.735182,-4.465182,-4.2951818,-4.505182,-4.535182,-4.635182,-4.905182,-5.115182,-5.1051817,-4.905182,-5.0651817,-5.175182,-5.1451817,-5.0851817,-5.2951818,-5.555182,-5.5651817,-5.3751817,-5.3951817,-5.5851817,-5.675182,-5.775182,-5.865182,-5.425182,-5.365182,-5.515182,-5.725182,-5.115182,-4.725182,-4.445182,-4.3951817,-4.235182,-3.9351819,-3.615182,-3.4151819
0.024818115,-0.28518188,-0.31518188,-0.9451819,-1.4851819,-2.285182,-2.345182,-1.9351819,-1.8951819,-2.2451818,-2.805182,-2.595182,-2.625182,-2.835182,-3.2051818,-3.6951818,-4.165182,-4.135182,-3.875182,-4.075182,-4.215182,-4.225182,-4.255182,-4.3551817,-4.445182,-4.695182,-4.8751817,-5.025182,-5.155182,-5.265182,-5.405182,-5.495182,-5.5451818,-5.475182,-5.495182,-5.615182,-5.6051817,-5.635182,-5.715182,-6.055182,-6.285182,-6.365182,-6.205182,-6.3351817,-6.445182,-6.3951817,-6.345182,-6.305182,-6.255182,-6.275182,-6.255182,-6.155182,-6.015182,-5.885182,-5.485182,-4.805182,-4.3551817,-4.0451818
0.36481813,-0.44518188,-0.3951819,-0.4851819,-0.7251819,-1.1351819,-1.3751819,-1.5051819,-1.5551819,-1.7051818,-2.125182,-2.075182,-2.375182,-2.535182,-3.2551818,-3.615182,-3.6651819,-4.455182,-4.655182,-4.615182,-4.155182,-3.845182,-4.0851817,-4.215182,-4.415182,-4.695182,-4.885182,-4.925182,-5.225182,-5.3951817,-5.465182,-5.365182,-5.165182,-5.075182,-5.055182,-4.985182,-5.015182,-5.095182,-5.3551817,-5.5651817,-5.845182,-6.015182,-6.465182,-6.635182,-6.785182,-6.965182,-6.945182,-7.165182,-7.0651817,-6.8751817,-6.845182,-6.775182,-6.695182,-6.575182,-6.3351817,-6.0651817,-5.6451817,-5.165182
0.39481813,-0.09518188,-0.5051819,-0.20518188,-0.22518188,-0.5751819,-0.6551819,-0.5951819,-0.5751819,-0.8151819,-0.7551819,-1.6051819,-1.9451818,-2.2051818,-2.835182,-3.4951818,-3.845182,-3.805182,-4.075182,-4.3151817,-4.345182,-4.3751817,-3.815182,-3.7751818,-3.7051818,-3.9551818,-4.365182,-4.3551817,-4.455182,-5.0451818,-5.465182,-5.485182,-5.275182,-5.205182,-5.1451817,-5.165182,-4.945182,-4.825182,-4.935182,-4.905182,-5.025182,-5.115182,-5.3151817,-5.365182,-5.225182,-5.6251817,-5.985182,-6.255182,-6.515182,-6.595182,-6.755182,-6.805182,-6.715182,-6.445182,-6.575182,-6.5451818,-6.345182,-6.1251817
2.0448182,1.7148181,1.3948181,0.8648181,0.6748181,-0.055181883,-0.015181885,0.5548181,1.1348181,0.7348181,0.11481812,-0.3651819,-0.67518187,-1.4851819,-1.7351819,-2.055182,-2.605182,-2.6651819,-2.5051818,-2.375182,-2.385182,-2.615182,-2.645182,-2.4551818,-2.355182,-2.0251818,-1.4651818,-0.6651819,-1.8651819,-1.2651819,-0.9051819,-1.8651819,-3.9651818,-4.185182,-4.005182,-3.785182,-3.4751818,-3.2151818,-2.9151819,-2.7051818,-3.0051818,-3.355182,-3.615182,-3.7451818,-3.875182,-4.195182,-4.715182,-5.6451817,-6.535182,-6.235182,-6.185182,-6.275182,-6.235182,-6.825182,-7.005182,-6.7951818,-6.765182,-6.975182
5.024818,4.674818,5.1048183,5.764818,5.8548183,5.194818,2.934818,0.3248181,1.3948181,1.3748181,1.3548181,1.0048181,-0.005181885,-0.7251819,-0.4851819,-0.7651819,-0.4851819,-0.74518186,-1.9951819,-1.8351818,-1.9251819,-2.1751819,-2.315182,-2.4451818,-2.655182,-1.8851819,-0.98518187,-0.5051819,-0.5851819,-0.7551819,-0.6451819,-0.6551819,-0.55518186,-1.0751818,-1.3751819,-0.93518186,-2.105182,-1.7551819,-1.1851819,-2.1851819,-1.5551819,-2.115182,-2.575182,-1.5351819,-1.8551819,-2.2251818,-2.325182,-3.4151819,-4.945182,-6.165182,-5.755182,-5.935182,-5.865182,-6.515182,-5.2951818,-4.455182,-5.0851817,-5.275182
1.5948181,1.3248181,2.114818,1.7948182,1.8348181,2.664818,7.864818,7.4148183,5.554818,4.1848183,3.964818,2.5448182,0.6748181,-1.5751818,-2.565182,-2.105182,-1.8751819,-1.5251819,-1.8951819,-2.9751818,-3.4651818,-2.9951818,-1.8551819,-0.9751819,-1.1051819,-0.2651819,-0.37518188,0.23481812,0.42481813,0.51481813,0.4748181,0.7948181,0.7848181,-0.20518188,0.6448181,0.08481812,-0.86518186,-0.68518186,-1.9951819,-2.635182,0.14481811,-1.095182,-1.1251819,1.3848181,0.9248181,0.56481814,0.6048181,-1.0451819,1.0248181,1.4348181,-2.615182,-4.505182,-2.9851818,-2.815182,-5.695182,-4.415182,-6.235182,-3.9651818
1.7048181,1.4548181,0.054818116,0.6048181,0.8548181,1.1948181,0.9848181,1.0348182,3.604818,5.074818,5.524818,5.1448183,2.8348181,-2.4751818,-3.6651819,-2.7651818,-2.575182,-1.7851819,-1.6151819,-1.8351818,-1.9751819,-1.7851819,-1.3951819,-1.7751819,-2.9851818,-1.3651819,-1.8151819,-0.29518187,-0.09518188,-2.375182,-2.4551818,-1.8251818,-0.5151819,0.23481812,-0.5151819,-1.6451819,-0.47518188,-0.6451819,-0.6351819,0.5448181,-0.8151819,1.0748181,-0.2651819,-0.19518189,-0.7551819,0.3848181,0.56481814,0.63481814,-0.4251819,-0.5651819,1.2348181,-0.24518189,-3.4851818,-3.9251819,-1.6951818,-3.085182,-2.2651818,-1.9151819
2.0548182,0.6248181,1.5048181,1.2448181,0.6848181,0.20481811,-0.13518189,0.6448181,0.27481812,2.704818,2.9848182,5.364818,6.154818,5.304818,4.784818,1.3248181,-1.1751819,-1.0551819,-1.4851819,-1.4151819,-1.5551819,-1.7551819,-1.5551819,-1.1251819,-2.2751818,-1.0151819,-2.035182,-0.7251819,-1.0851818,-2.145182,-2.4751818,-0.6451819,-1.6251819,-0.99518186,0.46481812,-2.035182,-2.585182,-0.19518189,1.3448181,0.37481812,0.34481812,-0.5651819,-0.7551819,-1.345182,-1.2051818,-1.0751818,-1.4051819,0.46481812,0.7348181,0.12481812,0.40481812,0.49481812,-0.055181883,-3.395182,-4.165182,-3.585182,-2.825182,-7.865182
-2.5151818,3.3148181,0.094818115,1.4148182,0.20481811,-0.06518188,0.40481812,-0.8951819,-2.065182,-0.61518186,0.45481813,1.0548182,0.9648181,1.0648181,0.33481812,1.9448181,1.1848181,-1.5351819,-3.805182,-3.895182,-1.1751819,0.6548181,1.0948181,0.63481814,-0.8851819,-0.3951819,-2.395182,-1.595182,-0.035181884,0.6748181,-2.545182,-1.2951819,-3.0251818,-0.8251819,-0.92518187,-2.065182,0.63481814,0.4848181,0.034818117,-1.5651819,-0.34518188,0.5548181,0.044818114,-0.3951819,-0.5951819,-1.8751819,-0.6051819,1.2948182,0.7948181,0.0048181154,-0.10518189,1.0548182,1.0748181,0.9348181,1.5448182,-4.1051817,-4.945182,-6.255182
4.8548183,1.8248181,6.1848183,5.014818,0.9148181,2.0348182,1.1948181,-2.6751819,-2.625182,-2.305182,-1.7451819,-1.8651819,-2.065182,2.674818,2.354818,-0.10518189,-2.6851819,-2.545182,-1.0451819,-2.405182,-2.2251818,0.22481811,0.9048181,-1.3751819,0.81481814,-0.40518188,-2.6951818,-0.5451819,0.9948181,-0.5451819,-0.9751819,-0.4951819,-1.1251819,-0.80518186,-0.10518189,-0.32518187,-0.18518189,-2.065182,0.8048181,-1.4951819,-1.7551819,-2.035182,-1.4251819,-0.8551819,-1.1151819,-1.6651819,-1.3351818,0.044818114,-0.9751819,-0.98518187,-0.8351819,-0.10518189,-3.125182,-1.8951819,2.444818,-2.345182,1.3448181,1.9848181
