data/weather/current/current-wind-surface-level-gfs-1.0.json
{"header": { "discipline":0, "disciplineName":"Meteorological products", "gribEdition":2, "gribLength":78039, "center":7, "centerName":"US National Weather Service - NCEP(WMC)", "subcenter":0, "refTime":"2023-12-20T00:00:00.000Z", "significanceOfRT":1, "significanceOfRTName":"Start of forecast", "productStatus":0, "productStatusName":"Operational products", "productType":1, "productTypeName":"Forecast products", "productDefinitionTemplate":0, "productDefinitionTemplateName":"Analysis/forecast at horizontal level/layer at a point in time", "parameterCategory":2, "parameterCategoryName":"Momentum", "parameterNumber":2, "parameterNumberName":"U-component_of_wind", "parameterUnit":"m.s-1", "genProcessType":2, "genProcessTypeName":"Forecast", "forecastTime":0, "surface1Type":103, "surface1TypeName":"Specified height level above ground", "surface1Value":10.0, "surface2Type":255, "surface2TypeName":"Missing", "surface2Value":0.0, "gridDefinitionTemplate":0, "gridDefinitionTemplateName":"Latitude_Longitude", "numberPoints":65160, "shape":6, "shapeName":"Earth spherical with radius of 6,371,229.0 m", "gridUnits":"degrees", "resolution":48, "winds":"true", "scanMode":0, "nx":360, "ny":181, "basicAngle":0, "lo1":0.0, "la1":90.0, "lo2":359.0, "la2":-90.0, "dx":1.0, "dy":1.0 }, "data":
[rows 26 to 51 of 181, columns 174 to 231 of 360]
0.43481812,2.694818,3.704818,3.8248181,4.824818,5.444818,0.3548181,-4.6451817,-4.745182,-5.265182,-4.595182,-0.6651819,-4.595182,-6.735182,-3.535182,-3.065182,-2.9151819,-2.2251818,-1.3551819,-1.2551819,-2.855182,-3.7551818,-4.175182,-5.825182,-3.905182,-2.4651818,-2.4351819,-0.7651819,0.044818114,-2.055182,-1.1851819,-1.0351819,-0.24518189,-0.32518187,-1.4451818,-1.1251819,0.14481811,-1.095182,0.16481811,-0.9051819,-2.285182,-3.135182,-3.365182,-0.7951819,-0.5951819,-1.2451819,-0.7651819,-0.6051819,-1.0451819,-2.125182,-0.07518189,-1.6351819,-0.10518189,-1.7651819,-3.2051818,-1.8051819,0.7048181,1.3548181
1.2948182,1.6648182,-0.73518187,1.6148181,0.6648181,2.674818,7.484818,-3.115182,-5.1251817,-3.635182,-7.785182,-8.235182,-9.115182,-7.415182,-4.655182,-4.155182,-4.015182,-4.265182,-4.3551817,-4.345182,-3.9751818,-3.7751818,-3.615182,-1.9151819,-2.095182,-0.8951819,-2.135182,-0.86518186,0.10481811,-1.9751819,-1.2451819,-0.21518189,-2.2551818,-1.5351819,-1.2651819,0.7048181,-1.0251819,-2.1951818,-1.7251819,-1.2351819,-0.7551819,-0.9451819,-0.5651819,-0.5851819,-0.4951819,-1.3351818,-1.2851819,-0.6951819,-0.7851819,-0.8851819,-1.4551818,-0.9451819,-2.2551818,-0.9051819,-1.6051819,-1.5851818,-2.2651818,-1.1351819
2.0148182,1.3548181,2.5648181,-1.0851818,0.30481812,-1.3551819,-0.7751819,-6.3551817,-8.285182,-8.725182,-9.255182,-8.685182,-8.575182,-9.365182,-8.935182,-7.495182,-6.8951817,-6.2951818,-6.005182,-5.6051817,-4.575182,-2.4951818,-5.245182,-7.285182,-4.095182,-2.105182,-1.8151819,-2.5051818,-1.7251819,-1.1651819,-0.3351819,-0.9551819,-2.785182,0.27481812,2.3348181,1.2148181,0.3148181,-2.395182,-1.3951819,0.81481814,1.4448181,-0.6051819,-1.0851818,-0.6451819,2.0648181,1.1448181,-0.5751819,-0.7051819,-1.4351819,-0.5251819,-0.32518187,-0.7051819,-2.0251818,-0.2751819,-0.2751819,-0.5751819,-1.8551819,-1.2351819
-2.1751819,-2.9351819,-4.715182,-5.0451818,-5.865182,-5.175182,-9.115182,-10.115182,-10.545182,-10.325182,-10.235182,-10.475182,-10.0551815,-9.985182,-9.455182,-10.025182,-10.485182,-9.715182,-6.425182,-6.005182,-6.025182,-5.325182,-5.525182,-6.075182,-5.165182,-3.045182,-3.0151818,-1.9851819,-1.3751819,-0.2751819,-0.55518186,-2.4251819,-2.605182,-0.9551819,0.5448181,-1.4151819,0.4448181,-1.2951819,-1.7951819,-2.7051818,-2.095182,-0.61518186,-2.9551818,0.39481813,-2.2351818,-2.655182,3.174818,2.664818,-0.99518186,0.3248181,-0.09518188,-0.4351819,-2.1851819,0.8348181,-1.5351819,-2.385182,0.21481812,-1.3251818
-2.815182,-3.9151819,-4.635182,-5.825182,-5.3551817,-9.3051815,-9.925182,-10.685182,-11.655182,-11.725182,-11.395182,-10.455182,-9.505182,-7.885182,-7.165182,-9.235182,-8.985182,-6.885182,-4.345182,-3.1951818,-2.125182,-3.2251818,-2.2651818,-2.6751819,-3.4651818,-2.595182,-2.0151818,0.5348181,1.3948181,-0.92518187,-2.585182,-1.7651819,-2.2051818,-0.07518189,-3.115182,-0.9151819,-1.6451819,-0.8551819,-1.3851819,-8.3051815,-10.685182,-9.705182,-8.365182,-9.185182,-6.255182,-2.7351818,-1.1751819,-0.8351819,0.33481812,-1.6651819,-0.16518189,0.37481812,0.30481812,0.16481811,-1.7251819,-1.8651819,0.56481814,0.30481812
-2.345182,-3.605182,-2.7151818,-3.2751818,-6.245182,-8.125182,-9.695182,-10.235182,-11.195182,-10.685182,-10.855182,-9.745182,-7.8551817,-5.345182,-1.3251818,4.524818,5.824818,6.6448183,4.974818,4.2048182,5.174818,5.424818,6.544818,4.674818,-1.9451818,-1.345182,-1.7651819,-0.6051819,-0.3351819,2.144818,-1.2051818,-3.355182,0.3148181,-3.125182,-4.865182,-4.985182,-3.2551818,-4.205182,-3.4451818,-6.995182,-5.115182,-9.0551815,-9.3051815,-6.535182,-4.275182,-2.825182,-1.9751819,-3.4551818,-2.405182,1.3848181,-1.5851818,-1.8551819,1.9448181,-0.7151819,0.4748181,-1.6251819,-1.0851818,-0.7751819
0.12481812,-1.3551819,0.12481812,0.4748181,-2.4451818,-5.1451817,-4.735182,-4.345182,-1.7151818,-1.6151819,-1.2551819,-1.7851819,-1.0751818,0.8548181,2.2548182,3.2748182,3.454818,4.6048183,6.084818,6.154818,6.574818,7.014818,7.6448183,7.9348183,7.9348183,6.584818,6.784818,7.474818,7.544818,1.1648182,-1.845182,0.50481814,-0.4651819,1.2348181,-0.4251819,-2.045182,2.344818,4.334818,2.5248182,-3.375182,-3.5051818,-3.105182,-7.615182,-7.6251817,-4.905182,-4.305182,-1.5851818,0.2548181,-0.93518186,-1.7151818,-0.17518188,0.034818117,0.6148181,-1.4251819,1.3648181,0.2648181,-1.5051819,-0.4951819
1.2748181,1.154818,2.344818,3.614818,5.864818,1.0748181,-1.5051819,-2.905182,-2.625182,-0.7851819,0.8648181,2.2548182,2.904818,3.2248182,3.894818,5.064818,5.234818,5.8748183,7.284818,7.384818,7.834818,7.984818,7.974818,7.674818,7.584818,6.844818,6.464818,7.084818,1.404818,-0.55518186,-0.4351819,0.24481812,0.2948181,8.894818,7.014818,11.174818,11.134818,9.114819,9.024818,8.574818,3.194818,-1.6551819,-2.4851818,1.2648181,-5.405182,-3.095182,0.07481811,-0.015181885,1.7448181,2.354818,-0.7951819,-0.6951819,-1.2651819,-0.14518188,0.9248181,-0.025181884,-1.8951819,-0.9451819
1.4848181,2.714818,3.7548182,6.1648183,5.774818,8.304818,5.514818,2.364818,3.3248181,2.0048182,4.2048182,4.9148183,6.384818,7.384818,7.044818,6.054818,5.9548182,5.764818,6.324818,6.764818,7.514818,7.6448183,8.054818,7.764818,7.994818,6.1648183,0.46481812,1.9748181,3.2648182,8.164818,4.804818,6.514818,6.974818,6.9148183,7.3948183,9.024818,10.094818,10.134818,10.554818,10.364819,10.064818,5.6648183,2.5348182,0.0048181154,2.8348181,0.064818114,0.7148181,2.4848182,2.7848182,4.4148183,4.4548182,1.8948181,-1.3651819,0.0048181154,-0.13518189,-0.4551819,-0.5651819,0.064818114
0.9248181,2.7948182,3.9748182,5.944818,7.924818,9.344818,12.084818,11.594818,8.274818,6.794818,6.844818,4.924818,5.3948183,6.474818,7.024818,7.024818,7.724818,7.3748183,6.6048183,6.444818,7.824818,8.514818,4.074818,-0.5251819,8.624818,9.434818,10.324818,11.314818,12.864819,12.384818,12.824818,11.094818,13.214818,13.554818,10.6948185,9.394818,9.904819,10.424818,10.414818,10.854818,12.324818,11.6948185,5.9348183,2.7948182,3.5048182,5.504818,1.7848182,2.594818,3.714818,5.014818,5.304818,5.174818,2.7448182,0.63481814,0.24481812,-1.3151819,-0.9751819,-0.80518186
0.2548181,2.0848181,4.444818,6.154818,7.6848183,8.534818,9.064818,8.974818,8.414818,8.184818,5.974818,4.6448183,4.084818,4.744818,4.834818,6.714818,6.964818,7.4548182,7.6848183,2.844818,4.864818,8.294818,8.284818,9.084818,9.734818,11.314818,12.064818,12.184818,13.474818,15.304818,15.234818,14.744818,14.884818,15.354818,14.334818,12.464818,11.1948185,10.864819,10.394818,10.704818,11.254818,10.774818,8.524818,4.984818,3.924818,5.844818,3.9748182,3.944818,4.3548183,4.734818,4.564818,4.284818,2.134818,1.5448182,-0.13518189,-0.8351819,-1.3351818,-0.7151819
13.584818,5.824818,5.524818,5.984818,7.6048183,8.054818,8.024818,8.254818,7.864818,6.614818,5.824818,5.114818,5.1848183,4.734818,4.8548183,6.494818,7.524818,7.6048183,8.734818,8.954818,10.144818,9.4448185,8.834818,8.654819,9.264818,9.664818,9.734818,10.884818,12.184818,13.434818,13.974818,14.184818,14.244818,13.784818,13.984818,13.504818,11.634818,10.994818,10.384818,10.934818,10.774818,10.514818,8.624818,6.484818,6.2048182,5.614818,5.054818,4.6448183,5.4148183,4.824818,4.7048182,3.3348181,3.674818,4.6648183,-0.4551819,-3.345182,-5.765182,-1.6251819
9.554818,10.984818,7.964818,6.804818,6.974818,8.6948185,9.204818,8.914818,9.234818,6.924818,6.324818,7.274818,6.804818,6.694818,6.734818,7.1648183,8.894818,10.274818,9.014818,8.6948185,7.734818,7.244818,8.204818,7.494818,7.214818,8.834818,8.704818,8.484818,9.204818,10.204818,11.504818,11.784818,11.724818,13.124818,12.054818,11.554818,11.014818,12.264818,12.064818,12.044818,10.404819,9.994818,9.054818,7.064818,7.1848183,6.3948183,6.214818,5.654818,5.6848183,5.6248183,5.044818,4.1648183,4.2048182,5.574818,5.4348183,1.0448182,1.4448181,-5.525182
13.334818,11.564818,10.214818,8.514818,6.614818,9.424818,11.254818,12.664818,14.4448185,11.324818,10.144818,9.914818,10.214818,10.6948185,9.534818,10.164818,9.884818,9.074818,10.414818,9.964818,6.024818,6.214818,4.224818,3.8348181,5.804818,6.1848183,6.4548182,6.6848183,6.494818,7.344818,8.004818,8.784818,8.514818,9.674818,9.404819,9.4448185,10.744818,11.864819,10.244818,9.984818,10.244818,10.254818,7.514818,8.044818,7.6448183,6.944818,7.094818,6.214818,6.074818,4.994818,5.234818,4.574818,5.1048183,5.224818,4.3748183,3.124818,3.5348182,-0.16518189
11.794818,12.934818,11.764818,12.604818,12.744818,13.104818,13.604818,14.624818,16.504818,15.954818,13.454818,12.404819,11.964818,11.794818,11.024818,10.734818,11.284818,11.374818,10.924818,11.024818,12.594818,9.154819,9.454818,6.6648183,3.104818,4.9348183,4.3948183,5.304818,5.234818,5.694818,6.544818,6.324818,6.1248183,7.224818,7.774818,9.144818,8.984818,8.744818,9.424818,9.864819,10.824818,10.004818,9.254818,7.794818,7.3948183,7.654818,8.094818,6.224818,5.6648183,5.114818,5.084818,6.244818,5.1248183,4.794818,3.694818,4.9348183,3.454818,1.0348182
10.844818,12.764818,13.6948185,13.834818,13.184818,13.714818,15.6948185,15.594818,16.114819,16.524818,16.034819,14.304818,13.6948185,12.564818,12.044818,11.4448185,10.434818,10.304818,9.264818,9.834818,8.224818,8.504818,8.764818,5.6048183,4.194818,4.234818,3.594818,3.3348181,3.2948182,3.7848182,4.794818,4.824818,5.514818,5.594818,6.904818,6.984818,8.494818,9.114819,10.424818,11.184818,11.574818,11.204818,9.114819,8.104818,8.214818,8.494818,8.064818,6.8948183,5.584818,4.9148183,5.1248183,5.1848183,4.1048183,5.1648183,5.924818,5.1648183,3.4848182,1.4548181
13.604818,15.144818,15.004818,16.624819,17.524818,18.174818,17.294819,17.214819,17.314817,16.784819,16.614819,16.104818,14.864819,13.974818,12.984818,12.024818,11.094818,10.914818,12.244818,10.734818,9.724818,8.924818,7.1248183,5.3948183,3.8148181,3.4848182,2.934818,2.5748181,2.384818,3.4948182,3.214818,4.864818,5.044818,5.8748183,7.714818,8.924818,10.184818,9.794818,10.844818,11.264818,11.264818,10.324818,9.4448185,8.064818,8.644818,8.934818,8.134818,7.2048182,5.4548182,4.754818,5.444818,4.9548182,2.9848182,4.6248183,4.904818,3.9948182,3.5548182,3.0548182
14.094818,15.504818,15.674818,16.124819,17.644817,18.024818,17.984818,17.834818,17.424818,17.144817,16.794819,15.894818,15.014818,15.214818,14.344818,13.6948185,14.6948185,14.504818,12.094818,8.674818,7.734818,7.554818,6.284818,4.844818,2.7448182,2.424818,1.4348181,0.6848181,2.444818,2.864818,3.654818,6.484818,7.154818,8.474818,8.764818,10.014818,9.584818,10.044818,9.644818,10.874818,9.9448185,9.974818,9.644818,8.294818,9.244818,9.454818,8.594818,8.104818,6.174818,4.154818,3.674818,3.954818,5.6448183,4.464818,4.8748183,3.2948182,4.334818,4.8548183
14.214818,14.514818,15.514818,16.024818,16.054817,16.824818,17.654818,17.354818,17.334818,17.154818,16.414818,15.854818,14.954818,14.504818,13.554818,13.834818,13.624818,12.104818,13.784818,8.764818,7.754818,6.784818,6.1248183,3.5348182,4.764818,6.254818,6.384818,6.344818,6.864818,6.244818,7.324818,7.484818,7.984818,8.374818,9.664818,9.954818,9.174818,9.474818,9.094818,9.374818,9.184818,10.274818,8.984818,8.534818,8.934818,9.424818,7.6248183,7.384818,6.834818,6.424818,4.484818,2.714818,3.8148181,4.944818,2.8148181,3.4748182,2.5248182,0.75481814
12.4448185,14.374818,15.734818,16.044819,15.934818,15.524818,16.644817,16.564817,16.294819,16.724817,15.334818,14.644818,14.714818,14.154819,14.024818,14.844818,11.674818,12.414818,8.474818,7.524818,7.724818,7.564818,6.3748183,8.784818,9.224818,8.494818,9.014818,8.974818,8.924818,9.274818,7.884818,8.554818,8.754818,8.224818,8.404819,8.734818,8.714818,9.324818,8.714818,8.664818,8.854818,8.844818,8.504818,8.9448185,8.554818,8.104818,7.594818,6.924818,6.594818,6.174818,4.314818,5.384818,4.024818,4.674818,1.5848181,0.5548181,-1.1051819,0.17481811
10.814818,11.504818,12.984818,14.1948185,15.084818,14.994818,14.934818,14.804818,14.034818,15.034818,13.904819,13.884818,13.854818,13.244818,13.564818,13.274818,12.994818,9.014818,7.284818,6.614818,6.304818,6.904818,7.804818,9.934818,9.454818,10.684818,9.934818,9.1948185,8.894818,8.564818,8.574818,8.224818,8.244818,7.594818,7.754818,8.044818,8.304818,8.254818,8.6948185,8.6948185,8.144818,8.854818,8.434818,7.9548182,8.154819,7.264818,7.114818,5.924818,6.024818,4.9348183,4.784818,4.794818,4.1048183,1.9848181,2.964818,-0.5751819,-0.93518186,-2.085182
9.714818,10.004818,10.994818,12.094818,12.854818,13.364819,13.394818,14.624818,13.674818,13.094818,13.754818,14.154819,13.554818,12.184818,11.884818,11.6948185,7.474818,7.764818,7.744818,7.744818,6.1248183,9.234818,9.204818,9.644818,9.064818,9.684818,9.574818,8.984818,8.624818,8.104818,7.594818,7.844818,7.9148183,7.1048183,8.064818,8.164818,8.464818,7.964818,7.744818,8.274818,7.9348183,8.464818,7.724818,7.294818,7.254818,6.364818,6.314818,4.9548182,5.034818,4.334818,4.174818,3.674818,3.404818,0.9148181,1.3248181,-2.2351818,-0.7951819,-4.7951818
10.094818,11.224818,13.224818,13.374818,12.854818,12.864819,11.714818,11.614819,12.4448185,12.684818,11.744818,10.864819,9.9448185,8.364819,7.6848183,10.174818,8.724818,8.684818,7.254818,9.354818,10.434818,8.374818,8.914818,9.344818,10.174818,11.104818,10.734818,10.604818,8.684818,7.324818,7.654818,7.8948183,7.524818,7.274818,7.3948183,7.884818,7.504818,7.234818,8.154819,8.804818,7.404818,7.584818,7.014818,5.824818,6.514818,5.504818,6.094818,5.154818,5.294818,4.334818,4.224818,3.614818,2.174818,0.4148181,1.0048181,2.0548182,4.1848183,5.8548183
11.794818,11.754818,12.654819,11.384818,11.994818,10.464818,12.364819,12.884818,11.014818,11.454818,10.374818,9.824818,7.804818,8.024818,11.884818,9.294818,8.554818,8.424818,8.474818,9.754818,9.624818,8.624818,8.254818,8.564818,8.594818,8.014818,9.644818,11.114819,10.314818,7.924818,7.654818,7.8548183,7.764818,7.244818,6.994818,6.574818,6.964818,6.424818,7.964818,7.924818,7.334818,6.404818,5.754818,5.6048183,5.594818,4.504818,5.9348183,5.884818,5.764818,4.514818,3.904818,4.464818,5.494818,5.004818,3.5248182,2.884818,3.444818,4.384818
11.284818,10.224818,10.004818,11.084818,11.164818,10.284818,11.404819,10.934818,10.884818,9.934818,7.564818,6.1248183,6.1848183,9.464818,7.494818,7.494818,8.704818,6.984818,9.1948185,8.274818,7.694818,7.524818,7.254818,8.094818,7.674818,7.284818,7.114818,8.274818,8.834818,8.454818,7.794818,7.714818,6.864818,7.324818,6.844818,6.344818,6.6448183,6.614818,7.014818,6.574818,6.284818,5.744818,4.294818,4.6848183,4.864818,4.694818,5.904818,5.9148183,5.6648183,4.494818,4.8548183,5.1248183,4.294818,2.644818,1.6748182,1.0548182,1.4248182,2.144818
9.754818,10.714818,10.884818,11.454818,9.934818,10.724818,10.754818,9.294818,7.9148183,7.784818,6.744818,7.2048182,7.794818,8.654819,5.4148183,12.264818,8.994818,8.024818,7.614818,7.034818,6.9548182,7.404818,7.4548182,7.284818,7.214818,7.1048183,7.3548183,7.764818,8.294818,8.294818,7.944818,8.204818,6.9348183,6.8548183,6.524818,6.2048182,5.694818,6.514818,6.294818,5.1248183,5.004818,4.884818,3.634818,4.194818,4.054818,4.744818,5.844818,5.534818,6.6248183,5.094818,4.674818,4.384818,4.524818,3.434818,3.174818,2.0648181,4.574818,3.4848182
