data/weather/current/current-wind-surface-level-gfs-1.0.json
{"header": { "discipline":0, "disciplineName":"Meteorological products", "gribEdition":2, "gribLength":78539, "center":7, "centerName":"US National Weather Service - NCEP(WMC)", "subcenter":0, "refTime":"2023-12-20T00:00:00.000Z", "significanceOfRT":1, "significanceOfRTName":"Start of forecast", "productStatus":0, "productStatusName":"Operational products", "productType":1, "productTypeName":"Forecast products", "productDefinitionTemplate":0, "productDefinitionTemplateName":"Analysis/forecast at horizontal level/layer at a point in time", "parameterCategory":2, "parameterCategoryName":"Momentum", "parameterNumber":3, "parameterNumberName":"V-component_of_wind", "parameterUnit":"m.s-1", "genProcessType":2, "genProcessTypeName":"Forecast", "forecastTime":0, "surface1Type":103, "surface1TypeName":"Specified height level above ground", "surface1Value":10.0, "surface2Type":255, "surface2TypeName":"Missing", "surface2Value":0.0, "gridDefinitionTemplate":0, "gridDefinitionTemplateName":"Latitude_Longitude", "numberPoints":65160, "shape":6, "shapeName":"Earth spherical with radius of 6,371,229.0 m", "gridUnits":"degrees", "resolution":48, "winds":"true", "scanMode":0, "nx":360, "ny":181, "basicAngle":0, "lo1":0.0, "la1":90.0, "lo2":359.0, "la2":-90.0, "dx":1.0, "dy":1.0 }, "data":
[rows 112 to 139 of 181, columns 0 to 61 of 360]
4.53448,4.91448,5.58448,5.97448,6.17448,7.37448,8.20448,8.82448,9.05448,9.30448,9.58448,8.83448,7.88448,8.01448,5.09448,2.64448,3.56448,0.28447998,1.31448,-3.12552,-1.6655201,-1.94552,-1.72552,-0.03552002,-1.73552,-1.1655201,-2.02552,-1.23552,-0.28552002,0.89448,4.40448,3.06448,1.5844799,1.40448,1.76448,1.67448,6.42448,6.22448,7.23448,8.30448,9.12448,10.35448,10.3844795,7.94448,1.03448,1.26448,3.0244799,0.99447995,0.95448,0.65448,1.14448,-2.02552,-2.68552,-2.9855201,-3.65552,-1.87552,-5.63552,-4.8555202,-4.18552,-2.26552,-5.11552,-7.94552
3.93448,5.03448,4.86448,4.58448,5.91448,6.47448,7.86448,8.50448,8.80448,9.40448,9.48448,9.71448,9.26448,6.55448,7.69448,-0.60552,-0.74552,0.29447997,6.23448,-3.82552,-2.4755201,-3.69552,-1.71552,-3.68552,-6.74552,-1.07552,-2.81552,-4.64552,-2.68552,1.91448,1.13448,2.15448,3.00448,2.20448,1.8244799,1.9544799,4.43448,4.67448,5.92448,6.79448,7.68448,8.34448,9.20448,8.42448,0.67447996,-0.60552,-1.1655201,0.92447996,4.72448,4.11448,2.57448,-0.79552,-4.79552,-3.42552,-4.04552,-3.19552,-4.80552,-4.24552,-5.16552,-3.88552,-4.33552,-6.70552
5.97448,5.40448,5.44448,5.49448,5.29448,5.88448,6.6444798,8.21448,8.66448,8.87448,9.50448,9.71448,10.02448,10.64448,8.78448,1.73448,-2.92552,2.28448,7.34448,-3.89552,-3.79552,-5.30552,-5.94552,-2.76552,-4.17552,-1.94552,-2.39552,-3.66552,-2.17552,-0.96552,-1.27552,2.08448,2.12448,1.84448,1.3244799,1.2044799,3.79448,4.52448,5.58448,6.66448,6.73448,7.13448,7.46448,6.41448,2.13448,3.61448,0.54447997,-0.44552,4.42448,5.09448,4.13448,1.64448,-5.28552,-5.30552,-4.63552,-3.80552,-4.50552,-4.17552,-3.94552,-3.71552,-5.46552,-4.03552
3.7644799,3.57448,4.84448,5.1444798,5.50448,6.1444798,6.84448,7.11448,7.76448,8.19448,8.52448,9.44448,9.68448,11.05448,11.57448,1.86448,1.86448,2.06448,6.04448,3.59448,-3.52552,-2.13552,-5.44552,-4.20552,-4.42552,-2.51552,-2.53552,-3.16552,-1.55552,-3.58552,-0.79552,-0.68552,2.5244799,1.67448,0.93447995,2.18448,2.81448,3.29448,4.28448,5.79448,6.56448,6.61448,7.43448,6.94448,3.32448,2.28448,2.28448,0.63448,4.98448,6.74448,5.11448,1.05448,-6.75552,-5.40552,-4.05552,-4.72552,-6.02552,-3.9755201,-5.1055202,-4.42552,-3.01552,-4.26552
4.02448,5.10448,4.76448,4.98448,5.26448,5.73448,6.24448,6.83448,7.28448,7.91448,8.48448,8.37448,9.03448,9.93448,11.52448,5.16448,1.36448,2.67448,6.44448,3.41448,4.80448,3.75448,1.14448,-4.09552,-7.61552,-5.6055202,-6.88552,-5.99552,-3.62552,-2.26552,-0.82552004,-0.43552002,0.47447997,6.28448,-0.08552002,0.18447998,1.0744799,2.0144799,2.96448,4.02448,4.81448,6.00448,6.05448,5.59448,5.32448,4.68448,2.91448,4.09448,6.38448,7.11448,7.92448,-1.73552,-5.88552,-4.11552,-3.08552,-4.65552,-4.48552,-4.91552,-4.16552,-3.9855201,-2.93552,-3.53552
3.29448,3.60448,4.35448,4.43448,4.8944798,4.78448,5.74448,6.6444798,6.91448,7.65448,8.35448,8.44448,7.99448,8.73448,10.06448,12.33448,0.84448,0.67447996,3.85448,7.12448,5.44448,4.96448,4.36448,1.13448,-1.80552,-1.09552,-5.47552,-4.66552,-3.70552,-0.52552,-1.0455201,-0.63552004,0.09447998,4.47448,4.59448,-1.72552,-0.32552,0.72448,2.06448,3.07448,4.41448,4.8944798,4.90448,4.6444798,5.15448,5.73448,5.56448,5.13448,6.38448,7.31448,6.76448,1.93448,-2.33552,-2.91552,-2.08552,-3.37552,-2.85552,-3.33552,-4.73552,-4.68552,-5.98552,-5.93552
1.69448,2.28448,3.04448,3.57448,4.8944798,5.09448,5.51448,6.16448,6.70448,7.05448,7.65448,8.73448,9.07448,8.80448,8.57448,7.27448,2.2644799,0.93447995,0.95448,1.04448,3.65448,4.93448,2.99448,3.18448,1.9544799,1.29448,-2.81552,-4.40552,-2.01552,-0.39552003,-0.79552,-0.62552,0.52448,4.67448,1.12448,-3.14552,-1.84552,0.39448,1.63448,2.37448,3.43448,3.48448,4.41448,4.66448,4.36448,4.93448,6.62448,6.13448,5.84448,6.16448,6.54448,4.59448,0.45448,-1.4255201,-1.96552,-2.80552,-3.01552,-3.41552,-3.67552,-4.83552,-6.34552,-8.27552
0.05447998,1.03448,1.77448,2.87448,3.5244799,4.11448,4.68448,5.42448,5.96448,6.74448,7.22448,7.49448,8.16448,8.78448,8.01448,7.17448,7.17448,0.56448,0.41447997,2.42448,6.07448,4.71448,1.67448,-0.28552002,2.28448,0.12447998,-3.70552,-5.13552,-1.9255201,-1.48552,-0.99552,0.11447998,1.67448,5.35448,-1.30552,-3.50552,-0.11552002,-1.25552,0.56448,1.27448,2.04448,3.03448,2.30448,3.49448,3.91448,4.46448,4.76448,5.90448,5.47448,5.35448,4.84448,4.36448,3.2644799,0.80447996,-1.20552,-1.50552,-3.12552,-2.92552,-4.14552,-4.63552,-5.20552,-6.07552
-2.27552,-0.56552005,0.86447996,1.81448,2.44448,2.70448,3.37448,4.16448,5.40448,5.70448,6.38448,6.73448,7.38448,7.87448,8.48448,8.41448,8.07448,8.34448,0.84448,4.53448,3.84448,3.06448,2.70448,2.60448,0.84448,-0.54552,-1.2955201,-2.27552,-1.94552,-2.40552,-0.51552004,-1.80552,3.09448,3.07448,2.94448,3.03448,2.37448,2.72448,2.5144799,1.54448,0.66448,0.96448,1.49448,2.10448,2.30448,2.42448,4.37448,3.68448,4.74448,4.43448,3.78448,4.05448,4.03448,3.31448,0.68447995,-0.54552,-1.06552,-2.4755201,-3.64552,-5.65552,-4.88552,-5.59552
-2.7355201,-2.57552,-0.83552,0.61447996,1.14448,1.0744799,1.65448,2.37448,3.5244799,4.13448,4.83448,5.74448,6.61448,6.96448,7.80448,8.02448,8.57448,6.78448,1.64448,0.89448,2.41448,3.90448,3.0244799,2.31448,2.19448,2.84448,1.66448,1.91448,-1.70552,-0.98552,-2.37552,-2.51552,-0.33552003,1.44448,1.88448,2.0244799,2.15448,2.81448,3.5244799,4.66448,4.87448,-0.21552002,-1.84552,-1.02552,1.05448,1.85448,2.36448,3.06448,4.3944798,4.66448,3.2644799,3.09448,3.17448,3.89448,3.62448,3.42448,-0.66552,-1.70552,-3.14552,-3.4755201,-5.82552,-6.93552
-0.72552,-1.9255201,-0.43552002,0.66448,0.43447998,0.56448,0.88448,1.53448,3.00448,3.54448,4.36448,4.87448,5.21448,5.57448,6.27448,7.21448,8.18448,8.39448,8.40448,-1.86552,-1.30552,2.55448,3.40448,2.79448,0.25447997,0.40447998,0.86447996,-0.25552002,-0.43552002,-2.70552,-5.29552,-3.69552,-1.86552,-0.20552002,0.19447999,0.32447997,1.55448,2.15448,2.44448,4.41448,5.38448,5.97448,4.1444798,-3.44552,-1.93552,-1.10552,-0.28552002,1.15448,2.05448,3.2744799,1.30448,3.98448,2.68448,2.10448,2.55448,2.55448,1.7144799,0.27448,-3.53552,-4.04552,-3.80552,-4.62552
2.15448,2.7644799,2.82448,2.32448,1.59448,-0.53552,-0.39552003,0.28447998,1.74448,2.69448,3.29448,3.59448,4.25448,4.67448,5.24448,6.30448,7.33448,9.00448,7.04448,1.02448,2.92448,1.43448,3.08448,1.28448,1.88448,1.66448,-0.70552003,-0.61552,-5.25552,-6.18552,-4.96552,-3.30552,-1.93552,-1.33552,-0.38552,0.48448,2.04448,2.43448,2.22448,2.88448,4.8944798,5.99448,5.23448,5.44448,-2.26552,-1.34552,-1.49552,-1.26552,-0.72552,1.27448,2.97448,1.53448,3.68448,3.37448,1.60448,0.74447995,0.62448,0.31447998,-0.66552,-1.81552,-1.65552,-2.46552
0.74447995,1.25448,1.55448,2.65448,2.13448,1.47448,0.40447998,0.27448,1.18448,1.61448,2.5244799,2.84448,3.13448,3.16448,3.7644799,4.47448,5.58448,6.93448,8.91448,0.66448,1.06448,0.83448,0.91448,-0.77552,-1.08552,-0.95552003,-3.90552,-7.42552,-6.82552,-6.34552,-4.69552,-3.2355201,-2.54552,-1.71552,-1.59552,0.08447998,1.37448,2.14448,2.13448,2.2644799,3.60448,5.17448,5.68448,4.91448,4.86448,2.96448,-3.61552,-2.82552,-1.21552,-0.72552,0.53448,2.36448,3.32448,5.02448,4.94448,4.10448,2.23448,-0.26552,0.05447998,-0.95552003,-0.83552,-1.02552
1.4644799,1.0744799,1.2144799,1.35448,1.56448,1.0844799,1.43448,1.41448,1.66448,2.31448,2.72448,2.39448,2.44448,2.98448,3.14448,3.44448,3.44448,3.33448,2.88448,2.07448,2.06448,2.84448,1.49448,-0.38552,-2.67552,-3.82552,-4.93552,-6.69552,-6.65552,-6.12552,-5.1055202,-3.93552,-3.28552,-2.34552,-1.56552,-1.0455201,0.39448,0.95448,1.30448,1.05448,2.50448,3.7644799,3.93448,4.27448,4.85448,5.21448,-0.92552,-4.31552,-2.78552,-1.05552,1.0744799,1.93448,1.85448,2.15448,3.40448,3.72448,4.27448,2.7644799,-0.34552002,-0.38552,-0.34552002,-0.30552003
-0.17552002,0.15447998,0.88448,0.50448,-0.13552003,0.60447997,1.06448,0.86447996,1.09448,1.15448,0.65448,1.12448,1.47448,1.61448,1.88448,2.07448,2.0244799,1.51448,1.09448,-0.30552003,-0.71552,-0.33552003,0.37447998,-2.41552,-3.52552,-4.15552,-4.43552,-5.56552,-6.73552,-5.72552,-5.13552,-4.14552,-3.54552,-3.34552,-2.88552,-1.73552,0.04447998,0.42448,1.90448,2.0144799,0.68447995,2.68448,2.93448,3.48448,4.82448,5.91448,6.58448,-3.96552,-3.55552,-2.46552,-1.6655201,0.014479981,2.06448,2.23448,1.39448,0.42448,2.75448,4.6444798,4.04448,2.54448,-0.0055200197,-1.21552
-0.95552003,-0.80552,-1.18552,-1.09552,-1.47552,-0.78552,-0.09552002,0.68447995,0.67447996,0.87448,0.52448,0.74447995,0.92447996,0.77448,0.86447996,0.34447998,0.17447998,0.24447998,-0.45552003,-0.75552005,-1.45552,-2.13552,-2.56552,-2.76552,-5.63552,-4.89552,-6.64552,-6.16552,-5.87552,-6.15552,-5.8555202,-5.23552,-4.57552,-4.00552,-3.61552,-2.10552,-0.44552,-0.50552005,-1.0455201,0.07447998,2.04448,-0.65552,0.80447996,2.56448,4.48448,5.54448,5.93448,6.32448,-3.83552,-3.7355201,-3.03552,-2.82552,-1.4155201,-0.21552002,1.54448,2.0244799,2.00448,2.46448,-0.66552,2.66448,3.83448,3.06448
-2.15552,-2.05552,-1.85552,-1.88552,-2.02552,-2.03552,-2.57552,-2.39552,-2.58552,-1.27552,-0.67552,0.30448,0.16447999,-0.10552002,-0.49552003,-0.40552002,-0.32552,-1.27552,-2.12552,-2.41552,-2.51552,-2.84552,-3.68552,-4.65552,-4.31552,-6.26552,-6.38552,-4.87552,-7.26552,-6.33552,-4.92552,-6.53552,-5.92552,-5.34552,-3.94552,-4.59552,-3.05552,-2.31552,-2.61552,-3.67552,-0.64552003,0.34447998,1.0744799,0.52448,1.94448,3.97448,4.57448,3.96448,4.55448,0.06447998,-4.09552,-2.69552,-0.42552003,0.25447997,-0.10552002,-0.04552002,1.28448,0.60447997,0.70448,1.05448,2.0244799,-2.03552
-2.57552,-2.38552,-2.28552,-2.55552,-2.67552,-2.57552,-3.43552,-2.7355201,-2.87552,-3.15552,-3.04552,-2.33552,-2.03552,-2.17552,-1.2855201,-0.88552004,-1.40552,-1.7955201,-2.56552,-2.86552,-3.30552,-4.16552,-4.59552,-4.76552,-5.73552,-5.75552,-4.43552,-5.81552,-7.47552,-6.76552,-6.34552,-5.65552,-5.92552,-6.22552,-7.84552,-6.52552,-4.65552,-2.85552,-2.65552,-2.54552,-3.04552,-2.11552,-1.10552,0.33448,-3.2255201,-0.62552,1.94448,2.47448,0.12447998,0.06447998,0.06447998,-0.21552002,-0.63552004,1.54448,1.93448,1.90448,1.39448,-0.11552002,-0.25552002,-0.14552002,-0.36552003,-0.82552004
-2.14552,-2.52552,-1.93552,-0.43552002,-0.18552002,-0.86552,-2.49552,-2.46552,-1.85552,-2.03552,-2.28552,-2.9855201,-3.71552,-4.6055202,-4.22552,-4.17552,-4.15552,-3.54552,-2.9855201,-3.38552,-4.12552,-4.51552,-5.06552,-5.07552,-4.87552,-4.56552,-5.77552,-7.07552,-6.47552,-5.91552,-5.1055202,-5.93552,-5.82552,-5.05552,-5.34552,-6.67552,-7.43552,-5.80552,-4.97552,-4.40552,-3.67552,-2.58552,-3.36552,-3.08552,-1.43552,-3.53552,-1.15552,-0.60552,-0.78552,-2.27552,-2.37552,-1.62552,0.34447998,0.21447998,-0.21552002,0.23447998,-1.23552,1.88448,2.38448,0.48448,-2.83552,-2.03552
-0.82552004,-1.33552,-1.50552,-2.14552,-2.59552,-2.92552,-3.58552,-3.94552,-3.32552,-2.9855201,-2.31552,-2.15552,-3.27552,-3.46552,-3.68552,-4.12552,-4.3555202,-5.31552,-5.01552,-4.99552,-4.70552,-4.65552,-4.42552,-5.29552,-5.54552,-5.6055202,-5.96552,-5.55552,-5.70552,-6.23552,-6.33552,-6.71552,-6.83552,-6.97552,-6.58552,-5.77552,-6.76552,-6.77552,-6.26552,-5.62552,-4.51552,-4.42552,-4.1055202,-5.17552,-4.70552,-3.27552,-1.58552,-2.84552,-3.34552,-3.7255201,-3.2255201,-4.87552,-2.87552,-1.35552,-0.67552,-1.12552,-0.41552,-0.32552,0.15447998,0.62448,2.90448,-1.7955201
7.36448,6.37448,3.91448,1.78448,0.65448,-0.20552002,-1.61552,-2.64552,-3.65552,-5.26552,-5.11552,-5.41552,-5.58552,-4.3555202,-4.94552,-5.18552,-4.99552,-4.39552,-4.80552,-5.90552,-6.24552,-6.36552,-5.66552,-5.55552,-5.68552,-5.88552,-6.47552,-7.07552,-6.79552,-6.69552,-6.49552,-6.26552,-6.04552,-6.22552,-6.62552,-6.84552,-6.51552,-7.39552,-7.33552,-7.11552,-6.21552,-5.77552,-5.51552,-5.58552,-6.08552,-5.99552,-4.22552,-3.29552,-4.55552,-6.92552,-6.11552,-6.55552,-6.16552,-4.81552,-3.21552,-2.29552,-1.61552,-0.96552,-0.20552002,-0.71552,0.15447998,0.35447997
5.70448,6.50448,6.79448,6.88448,6.84448,6.26448,6.43448,3.54448,-0.14552002,-2.56552,-4.44552,-5.08552,-5.80552,-5.76552,-5.68552,-6.62552,-7.43552,-5.87552,-5.67552,-5.43552,-5.97552,-7.01552,-6.75552,-7.34552,-6.69552,-5.81552,-6.09552,-6.58552,-6.73552,-6.81552,-6.83552,-7.18552,-7.01552,-6.97552,-6.8555202,-6.79552,-7.03552,-7.58552,-7.37552,-7.57552,-7.26552,-7.48552,-6.84552,-6.53552,-6.65552,-7.07552,-6.78552,-6.43552,-5.45552,-6.17552,-7.69552,-8.23552,-7.40552,-6.40552,-5.78552,-4.99552,-4.18552,-3.03552,-2.45552,-1.70552,-1.72552,-1.15552
6.72448,6.71448,7.02448,7.35448,7.16448,6.55448,5.67448,5.44448,5.16448,4.99448,3.84448,-1.96552,-3.89552,-5.25552,-6.31552,-6.36552,-6.39552,-7.46552,-8.69552,-7.96552,-6.73552,-6.26552,-6.51552,-7.57552,-7.54552,-6.96552,-7.91552,-6.75552,-7.02552,-6.47552,-7.27552,-6.87552,-7.01552,-7.34552,-7.09552,-7.12552,-7.21552,-6.78552,-6.75552,-7.28552,-7.50552,-7.57552,-7.67552,-7.32552,-7.00552,-7.17552,-7.14552,-7.30552,-7.42552,-7.30552,-8.1155205,-8.39552,-8.49552,-8.04552,-7.26552,-6.57552,-6.12552,-5.95552,-4.72552,-3.04552,-2.60552,-1.51552
6.74448,6.31448,6.76448,6.81448,6.80448,6.54448,5.99448,5.70448,5.31448,4.82448,3.80448,4.46448,3.30448,0.48448,-4.43552,-5.86552,-5.88552,-7.37552,-7.76552,-8.06552,-9.07552,-9.67552,-9.24552,-7.05552,-7.32552,-7.80552,-7.55552,-6.89552,-7.00552,-6.52552,-6.13552,-6.97552,-6.94552,-7.13552,-6.83552,-6.88552,-7.14552,-7.41552,-7.52552,-7.92552,-7.55552,-6.98552,-7.55552,-7.20552,-7.64552,-7.56552,-7.07552,-7.00552,-7.01552,-7.01552,-7.29552,-7.93552,-8.88552,-8.74552,-8.24552,-8.39552,-7.84552,-7.33552,-6.88552,-6.3555202,-4.68552,-4.07552
5.96448,6.18448,6.42448,7.10448,6.94448,6.23448,5.40448,4.66448,5.21448,3.92448,3.80448,3.25448,2.64448,2.11448,1.53448,-0.58552,-4.59552,-5.97552,-7.09552,-8.23552,-8.66552,-8.78552,-9.04552,-8.98552,-8.96552,-9.88552,-10.20552,-8.55552,-8.16552,-6.74552,-6.39552,-6.09552,-5.69552,-6.11552,-6.98552,-7.18552,-6.24552,-5.45552,-6.21552,-6.32552,-5.6055202,-6.24552,-7.69552,-7.01552,-6.79552,-7.49552,-7.61552,-7.54552,-7.44552,-7.08552,-6.90552,-7.06552,-7.88552,-8.96552,-9.32552,-9.1155205,-9.46552,-9.28552,-8.79552,-8.43552,-7.53552,-6.71552
6.49448,6.8944798,6.28448,6.07448,5.71448,5.63448,4.94448,4.25448,3.66448,3.5144799,3.81448,2.56448,2.05448,1.92448,2.08448,1.4544799,1.85448,2.38448,-5.14552,-7.67552,-7.92552,-8.43552,-8.88552,-8.95552,-8.63552,-8.46552,-8.94552,-9.49552,-9.85552,-9.75552,-9.09552,-8.53552,-7.72552,-8.17552,-8.24552,-8.09552,-6.91552,-6.74552,-6.37552,-6.32552,-6.67552,-6.96552,-6.57552,-6.40552,-6.39552,-6.80552,-7.62552,-8.52552,-8.59552,-8.56552,-9.06552,-9.21552,-8.44552,-7.99552,-8.80552,-9.73552,-10.35552,-10.47552,-10.22552,-10.25552,-10.04552,-9.07552
7.72448,7.20448,6.74448,7.53448,6.58448,5.59448,5.21448,4.67448,3.7744799,3.12448,1.97448,1.06448,0.81448,0.96448,0.56448,-0.22552001,-0.27552003,0.34447998,0.61447996,0.0044799806,-5.69552,-7.92552,-7.67552,-7.84552,-9.35552,-9.19552,-8.67552,-8.37552,-8.15552,-8.44552,-8.41552,-7.54552,-7.09552,-7.32552,-7.80552,-7.6055202,-7.57552,-7.23552,-6.94552,-6.90552,-7.24552,-7.07552,-6.69552,-6.36552,-6.22552,-6.88552,-6.78552,-7.82552,-8.35552,-8.50552,-8.56552,-8.75552,-8.96552,-8.96552,-9.29552,-9.77552,-9.73552,-9.60552,-10.30552,-11.57552,-12.07552,-11.68552
7.15448,7.61448,6.83448,6.81448,6.92448,6.44448,5.57448,4.66448,3.47448,2.30448,1.59448,1.05448,0.32447997,-0.16552001,-0.52552,-0.81552005,-1.2855201,-2.16552,-2.14552,-2.04552,-2.27552,-0.74552,-7.99552,-8.49552,-7.99552,-7.86552,-7.73552,-7.95552,-8.20552,-8.3655205,-7.84552,-7.37552,-6.99552,-6.95552,-6.74552,-6.52552,-6.90552,-6.84552,-6.67552,-6.39552,-6.13552,-5.72552,-5.68552,-5.57552,-5.53552,-5.92552,-6.30552,-6.27552,-6.42552,-6.95552,-7.52552,-7.78552,-7.93552,-8.71552,-9.40552,-9.56552,-10.38552,-10.45552,-10.84552,-11.39552,-11.71552,-12.41552
